[1] 0.6518519
[1] 0.9777778
[1] 0.9777778
[1] 0.9851852
[1] 0.9925926
[1] 0.9925926
[1] 0.9925926
[1] 0.9925926
[1] 0.9925926
[1] 0.9925926
[1] 0.9925926
[1] 0.9925926
[1] 0.9925926
[1] 0.9925926
[1] 0.9925926
[1] 0.9925926
[1] 0.9925926
[1] 0.9925926
[1] 0.9925926
[1] 0.9851852
[1] 0.9851852
[1] 0.9851852
[1] 0.9851852
[1] 0.9851852
[1] 0.9851852
[1] 0.9851852
[1] 0.9851852
[1] 0.9851852
[1] 0.9851852
[1] 0.9851852
[1] 0.9851852
[1] 0.9851852
[1] 0.9851852
[1] 0.9851852
[1] 0.9851852
[1] 0.9851852
[1] 0.9851852
[1] 0.9851852
[1] 0.9851852
[1] 0.9851852
[1] 0.9851852
[1] 0.9851852
[1] 0.9851852
[1] 0.9851852
[1] 0.9851852
[1] 0.9851852
[1] 0.9851852
[1] 0.9851852
[1] 0.9851852
[1] 0.9851852
[1] 0.9851852
[1] 0.9851852
[1] 0.9851852
[1] 0.9851852
[1] 0.9851852
[1] 0.9777778
[1] 0.9777778
[1] 0.9777778
[1] 0.9777778
[1] 0.9777778
[1] 0.9777778
[1] 0.9777778
[1] 0.9777778
[1] 0.9777778
[1] 0.9777778
[1] 0.9777778
[1] 0.9777778
[1] 0.9777778
[1] 0.9777778
[1] 0.9777778
[1] 0.9777778
[1] 0.9777778
[1] 0.9777778
[1] 0.9777778
[1] 0.9777778
[1] 0.9777778
[1] 0.9777778
[1] 0.9777778
[1] 0.9777778
[1] 0.9777778
[1] 0.9777778
[1] 0.9777778
[1] 0.9777778
[1] 0.9777778
[1] 0.9777778
[1] 0.9777778
[1] 0.9777778
[1] 0.9777778
[1] 0.9777778
[1] 0.9777778
[1] 0.9777778
[1] 0.9777778
[1] 0.9777778
[1] 0.9777778
[1] 0.9777778
[1] 0.9777778
[1] 0.9777778
[1] 0.9777778
[1] 0.9777778
[1] 0.9777778
[1] 0.9777778
[1] 0.9777778
[1] 0.9777778
[1] 0.9777778
[1] 0.9777778
[1] 0.9777778
[1] 0.9777778
[1] 0.9777778
[1] 0.9777778
[1] 0.9777778
[1] 0.9777778
[1] 0.9777778
[1] 0.9777778
[1] 0.9777778
[1] 0.9777778
[1] 0.9777778
[1] 0.9777778
[1] 0.9777778
[1] 0.9777778
[1] 0.9777778
[1] 0.9777778
[1] 0.9777778
[1] 0.9777778
[1] 0.9777778
[1] 0.9777778
[1] 0.9777778
[1] 0.9777778
[1] 0.9777778
[1] 0.9777778
[1] 0.9777778
[1] 0.9777778
[1] 0.9777778
[1] 0.9777778
[1] 0.9777778
[1] 0.9777778
[1] 0.9777778
[1] 0.9777778
[1] 0.9777778
[1] 0.9777778
[1] 0.9777778
[1] 0.9777778
[1] 0.9777778
[1] 0.9777778
[1] 0.9777778
[1] 0.9777778
[1] 0.9777778
[1] 0.9777778
[1] 0.9777778
[1] 0.9777778
[1] 0.9777778
[1] 0.9777778
[1] 0.9777778
[1] 0.9777778
[1] 0.9777778
[1] 0.9777778
[1] 0.9777778
[1] 0.9777778
[1] 0.9777778
[1] 0.9777778
[1] 0.9777778
[1] 0.9777778
[1] 0.9777778
[1] 0.9777778
[1] 0.9777778
[1] 0.9777778
[1] 0.9777778
[1] 0.9777778
[1] 0.9777778
[1] 0.9777778
[1] 0.9777778
[1] 0.9777778
[1] 0.9777778
[1] 0.9777778
[1] 0.9777778
[1] 0.9777778
[1] 0.9777778
[1] 0.9777778
[1] 0.9777778
[1] 0.9777778
[1] 0.9777778
[1] 0.9777778
[1] 0.9777778
[1] 0.9777778
[1] 0.9777778
[1] 0.9777778
[1] 0.9777778
[1] 0.9777778
[1] 0.9777778
[1] 0.9777778
[1] 0.9777778
[1] 0.9777778
[1] 0.9777778
[1] 0.9777778
[1] 0.9777778
[1] 0.9777778
[1] 0.9777778
[1] 0.9777778
[1] 0.9777778
[1] 0.9777778
[1] 0.9777778
[1] 0.9777778
[1] 0.9777778
[1] 0.9777778
[1] 0.9703704
[1] 0.9703704
[1] 0.9703704
[1] 0.9703704
[1] 0.9703704
[1] 0.9703704
[1] 0.9703704
[1] 0.9703704
[1] 0.962963
[1] 0.962963
[1] 0.962963
[1] 0.962963
[1] 0.962963
[1] 0.962963
[1] 0.962963
[1] 0.962963
[1] 0.962963
[1] 0.962963
[1] 0.962963
[1] 0.962963
[1] 0.962963
[1] 0.962963
[1] 0.962963
[1] 0.962963
[1] 0.962963
[1] 0.962963
[1] 0.962963
[1] 0.962963
[1] 0.962963
[1] 0.962963
[1] 0.962963
[1] 0.962963
[1] 0.962963
[1] 0.962963
[1] 0.962963
[1] 0.962963
[1] 0.962963
[1] 0.962963
[1] 0.962963
[1] 0.962963
[1] 0.962963
[1] 0.962963
[1] 0.962963
[1] 0.962963
[1] 0.962963
[1] 0.962963
[1] 0.962963
[1] 0.962963
[1] 0.962963
[1] 0.962963
[1] 0.962963
[1] 0.962963
[1] 0.962963
[1] 0.962963
[1] 0.962963
[1] 0.962963
[1] 0.962963
[1] 0.962963
[1] 0.962963
[1] 0.962963
[1] 0.962963
[1] 0.962963
[1] 0.9555556
[1] 0.9555556
[1] 0.9555556
[1] 0.962963
[1] 0.962963
[1] 0.962963
[1] 0.9555556
[1] 0.9555556
[1] 0.9555556
[1] 0.9555556
[1] 0.9555556
[1] 0.9555556
[1] 0.9555556
[1] 0.9555556
[1] 0.9555556
[1] 0.9555556
[1] 0.9555556
[1] 0.9555556
[1] 0.9555556
[1] 0.9555556
[1] 0.9555556
[1] 0.9555556
[1] 0.9555556
[1] 0.9555556
[1] 0.9555556
[1] 0.9555556
[1] 0.9555556
[1] 0.9555556
[1] 0.9555556
[1] 0.9555556
[1] 0.9555556
[1] 0.9555556
[1] 0.9555556
[1] 0.9555556
[1] 0.9555556
[1] 0.9555556
[1] 0.9555556
[1] 0.9555556
[1] 0.9555556
[1] 0.9555556
[1] 0.9555556
[1] 0.9555556
[1] 0.9555556
[1] 0.9555556
[1] 0.9555556
[1] 0.9555556
[1] 0.9555556
[1] 0.9555556
[1] 0.9555556
[1] 0.9555556
[1] 0.9481481
[1] 0.9481481
[1] 0.9481481
[1] 0.9481481
[1] 0.9407407
[1] 0.9407407
[1] 0.9407407
[1] 0.9407407
[1] 0.9407407
[1] 0.9407407
[1] 0.9407407
[1] 0.9407407
[1] 0.9407407
[1] 0.9333333
[1] 0.9407407
[1] 0.9333333
[1] 0.9333333
[1] 0.9259259
[1] 0.9259259
[1] 0.9259259
[1] 0.9259259
[1] 0.9259259
[1] 0.9259259
[1] 0.9259259
[1] 0.9259259
[1] 0.9259259
[1] 0.9259259
[1] 0.9259259
[1] 0.9259259
[1] 0.9185185
[1] 0.9185185
[1] 0.9111111
[1] 0.9111111
[1] 0.9111111
[1] 0.9037037
[1] 0.8962963
[1] 0.8962963
[1] 0.8962963
[1] 0.8962963
[1] 0.8962963
[1] 0.8962963
[1] 0.8888889
[1] 0.8814815
[1] 0.8814815
[1] 0.8814815
[1] 0.8740741
[1] 0.8740741
[1] 0.8666667
[1] 0.8666667
[1] 0.8666667
[1] 0.8666667
[1] 0.8666667
[1] 0.8666667
[1] 0.8666667
[1] 0.8666667
[1] 0.8666667
[1] 0.8666667
[1] 0.8666667
[1] 0.8666667
[1] 0.8666667
[1] 0.8666667
[1] 0.8518519
[1] 0.8518519
[1] 0.8444444
[1] 0.8444444
[1] 0.8222222
[1] 0.8074074
[1] 0.8074074
[1] 0.8
[1] 0.7925926
[1] 0.7851852
[1] 0.7851852
[1] 0.7777778
[1] 0.7703704
[1] 0.7703704
[1] 0.7703704
[1] 0.7703704
[1] 0.7555556
[1] 0.7555556
[1] 0.7407407
[1] 0.7407407
[1] 0.7111111
[1] 0.7037037
[1] 0.7037037
[1] 0.6962963
[1] 0.6962963
[1] 0.6888889
[1] 0.6888889
[1] 0.6814815
[1] 0.6740741
[1] 0.6740741
[1] 0.6666667
[1] 0.6666667
[1] 0.6666667
[1] 0.6666667
[1] 0.6666667
[1] 0.6592593
[1] 0.6518519
[1] 0.6518519
[1] 0.6518519
[1] 0.6518519
[1] 0.6518519
[1] 0.6518519
[1] 0.6518519
[1] 0.6518519
[1] 0.6518519
[1] 0.6518519
[1] 0.6518519
[1] 0.6518519
[1] 0.6518519
[1] 0.6518519
[1] 0.6518519
[1] 0.6518519
[1] 0.6518519
[1] 0.6518519
[1] 0.6518519
[1] 0.6518519
[1] 0.6518519
[1] 0.6518519
[1] 0.6518519
[1] 0.6518519
[1] 0.6518519
[1] 0.6518519
[1] 0.6518519
[1] 0.6518519
[1] 0.6518519
[1] 0.6518519
[1] 0.6518519
[1] 0.6518519
[1] 0.6518519
[1] 0.6518519
[1] 0.6518519
[1] 0.6518519
[1] 0.6518519
[1] 0.6518519
[1] 0.6518519
[1] 0.6518519
[1] 0.6518519
[1] 0.6518519
[1] 0.6518519
[1] 0.6518519
[1] 0.6518519
[1] 0.6518519
[1] 0.6518519
[1] 0.6518519
[1] 0.6518519
[1] 0.6518519
[1] 0.6518519
[1] 0.6518519
[1] 0.6518519
[1] 0.6518519
[1] 0.6518519
[1] 0.6518519
[1] 0.6518519
[1] 0.6518519
[1] 0.6518519
[1] 0.6518519
[1] 0.6518519
[1] 0.6518519
[1] 0.6518519
[1] 0.6518519
[1] 0.6518519
[1] 4
[1] 0.9850746
