[1] "Unweighted knn accuracy:"
[1] 0.16
[1] 0.44
[1] 0.36
[1] 0.64
[1] 0.52
[1] 0.6
[1] 0.6
[1] 0.6
[1] 0.6
[1] 0.6
[1] 0.52
[1] 0.6
[1] 0.48
[1] 0.56
[1] 0.48
[1] 0.52
[1] 0.44
[1] 0.52
[1] 0.44
[1] 0.52
[1] 0.52
[1] 0.52
[1] 0.48
[1] 0.52
[1] 0.44
[1] 0.48
[1] 0.4
[1] 0.44
[1] 0.44
[1] 0.44
[1] 0.44
[1] 0.44
[1] 0.44
[1] 0.44
[1] 0.44
[1] 0.48
[1] 0.44
[1] 0.48
[1] 0.44
[1] 0.44
[1] 0.44
[1] 0.44
[1] 0.4
[1] 0.4
[1] 0.36
[1] 0.4
[1] 0.36
[1] 0.36
[1] 0.32
[1] 0.36
[1] 0.36
[1] 0.36
[1] 0.28
[1] 0.28
[1] 0.2
[1] 0.24
[1] 0.2
[1] 0.24
[1] 0.2
[1] 0.24
[1] 0.24
[1] 0.24
[1] 0.2
[1] 0.24
[1] 0.16
[1] 0.16
[1] 0.16
[1] 0.16
[1] 0.16
[1] 0.16
[1] 0.16
[1] 0.16
[1] 0.16
[1] 0.16
[1] 0.16
[1] 0.16
[1] 0.16
[1] 0.16
[1] 0.16
[1] 0.16
[1] 0.16
[1] 0.16
[1] 0.16
[1] 0.16
[1] 0.16
[1] 0.16
[1] 0.16
[1] 0.16
[1] 0.16
[1] 0.16
[1] 0.16
[1] 0.16
[1] 0.16
[1] 0.16
[1] 0.16
[1] 0.16
[1] 0.16
[1] 0.16
[1] 0.16
[1] "Best k:"
[1] 4
[1] "Best k on test"
[1] 0.7060185
