[1] "weighted knn accuracy:"
[1] 0.4
[1] 0.72
[1] 0.72
[1] 0.72
[1] 0.8
[1] 0.8
[1] 0.76
[1] 0.72
[1] 0.76
[1] 0.76
[1] 0.72
[1] 0.8
[1] 0.8
[1] 0.76
[1] 0.76
[1] 0.76
[1] 0.76
[1] 0.72
[1] 0.76
[1] 0.72
[1] 0.72
[1] 0.68
[1] 0.64
[1] 0.68
[1] 0.6
[1] 0.64
[1] 0.64
[1] 0.64
[1] 0.64
[1] 0.64
[1] 0.64
[1] 0.72
[1] 0.72
[1] 0.76
[1] 0.76
[1] 0.68
[1] 0.68
[1] 0.68
[1] 0.72
[1] 0.72
[1] 0.68
[1] 0.68
[1] 0.68
[1] 0.76
[1] 0.68
[1] 0.68
[1] 0.72
[1] 0.72
[1] 0.72
[1] 0.68
[1] 0.72
[1] 0.64
[1] 0.68
[1] 0.64
[1] 0.6
[1] 0.6
[1] 0.6
[1] 0.6
[1] 0.64
[1] 0.64
[1] 0.64
[1] 0.6
[1] 0.64
[1] 0.64
[1] 0.64
[1] 0.64
[1] 0.64
[1] 0.64
[1] 0.64
[1] 0.64
[1] 0.64
[1] 0.6
[1] 0.6
[1] 0.6
[1] 0.6
[1] 0.6
[1] 0.6
[1] 0.6
[1] 0.56
[1] 0.52
[1] 0.52
[1] 0.52
[1] 0.56
[1] 0.52
[1] 0.52
[1] 0.52
[1] 0.52
[1] 0.52
[1] 0.48
[1] 0.44
[1] 0.44
[1] 0.44
[1] 0.48
[1] 0.48
[1] 0.52
[1] 0.48
[1] 0.48
[1] 0.44
[1] 0.4
[1] "Best k:"
[1] 4
[1] "Best k on test"
[1] 0.72
